[array([0.701438, 0.897524]), array([0.695813, 0.      ]), array([0., 0., 0.]), array([0.440415, 0.425453, 0.378353, 0.397106]), array([0.      , 0.827185, 0.999999, 0.999999]), array([0.46491 , 0.242338, 0.574752, 0.999999, 0.      ]), array([0.      , 0.247036, 0.408965, 0.217149, 0.377534, 0.74659 ]), array([0.060275, 0.      , 0.134973, 0.      , 0.999999, 0.404343,
       0.057755, 0.516689])]
[array([0.608788, 0.208839]), array([0.969061, 0.774664]), array([0.999999, 0.183024, 0.788109]), array([0.410011, 0.415255, 0.344454, 0.438808]), array([0.05894 , 0.195873, 0.872581, 0.998561]), array([0.537065, 0.317653, 0.626041, 0.898937, 0.148218]), array([0.      , 0.181841, 0.435826, 0.062982, 0.361647, 0.858489]), array([0.122654, 0.153991, 0.162413, 0.0456  , 0.999999, 0.53665 ,
       0.260832, 0.93295 ])]
[array([0.937387, 0.537998]), array([0.690739, 0.962975]), array([0.93784 , 0.999999, 0.405928]), array([0.384038, 0.412994, 0.399499, 0.43689 ]), array([0.166206, 0.999999, 0.999999, 0.999999]), array([0.455585, 0.174069, 0.999999, 0.999999, 0.292903]), array([0.      , 0.166738, 0.211207, 0.080984, 0.38137 , 0.746608]), array([0.085442, 0.318585, 0.      , 0.239064, 0.999999, 0.92757 ,
       0.142651, 0.93295 ])]
[array([0.401144, 0.347316]), array([0.      , 0.982469]), array([0.523777, 0.465195, 0.442681]), array([0.391529, 0.451226, 0.356835, 0.420242]), array([0.259704, 0.86624 , 0.999999, 0.078304]), array([0.525055, 0.369255, 0.490228, 0.765387, 0.025091]), array([0.      , 0.198493, 0.750365, 0.247059, 0.370826, 0.980737]), array([0.266427, 0.      , 0.1856  , 0.      , 0.999999, 0.210401,
       0.179882, 0.156373])]
[array([0.815411, 0.802906]), array([0.819992, 0.8883  ]), array([0.503614, 0.49694 , 0.415922]), array([0.529644, 0.477474, 0.456444, 0.497979]), array([0.405221, 0.818629, 0.840579, 0.874304]), array([0.541275, 0.517331, 0.640338, 0.739537, 0.379138]), array([0.456843, 0.374177, 0.452545, 0.525118, 0.456228, 0.722847]), array([0.514029, 0.459555, 0.534367, 0.406509, 0.74451 , 0.66331 ,
       0.578111, 0.756422])]
[array([0.147927, 0.999351]), array([0.576225, 0.995582]), array([0.306294, 0.000901, 0.73784 ]), array([0.362616, 0.390935, 0.358916, 0.408803]), array([0.379668, 0.98019 , 0.997527, 0.939278]), array([0.377302, 0.427069, 0.554688, 0.835249, 0.037887]), array([0.0021  , 0.111359, 0.320991, 0.376242, 0.229457, 0.95509 ]), array([0.02698 , 0.61317 , 0.025877, 0.359845, 0.896836, 0.008212,
       0.028519, 0.131032])]
[array([0.961902, 0.54151 ]), array([0.686326, 0.048467]), array([0.785819, 0.951069, 0.007398]), array([0.408168, 0.42467 , 0.350333, 0.464759]), array([0.165658, 0.993001, 0.985802, 0.828885]), array([0.399356, 0.472775, 0.272075, 0.930991, 0.004327]), array([0.051607, 0.242133, 0.329607, 0.131528, 0.404377, 0.688463]), array([0.065492, 0.074877, 0.151838, 0.036631, 0.882332, 0.83748 ,
       0.404222, 0.901998])]
[array([0.354466, 0.463725]), array([0.684793, 0.736977]), array([0.671012, 0.54088 , 0.410996]), array([0.462778, 0.459808, 0.427924, 0.383695]), array([0.450158, 0.310399, 0.558612, 0.719998]), array([0.352618, 0.580837, 0.570192, 0.621771, 0.372965]), array([0.391166, 0.399851, 0.48006 , 0.389445, 0.406096, 0.616639]), array([0.416048, 0.59922 , 0.417048, 0.424239, 0.551884, 0.585992,
       0.386618, 0.514817])]
[array([0.20084 , 0.740525]), array([0.697663, 0.999431]), array([0.5116  , 0.466301, 0.440801]), array([0.337602, 0.314128, 0.323601, 0.447251]), array([0.106033, 0.999999, 0.999999, 0.999999]), array([0.463141, 0.457153, 0.632226, 0.697789, 0.      ]), array([0.      , 0.273026, 0.493981, 0.248861, 0.418811, 0.645849]), array([0.032703, 0.075576, 0.154423, 0.035445, 0.99059 , 0.497687,
       0.174691, 0.986528])]
[array([0.329036, 0.431477]), array([0.684762, 0.956283]), array([0.541094, 0.476141, 0.429833]), array([0.379054, 0.415621, 0.376105, 0.4053  ]), array([0.161038, 0.999999, 0.999999, 0.999999]), array([0.485318, 0.35441 , 0.532001, 0.735756, 0.002593]), array([0.      , 0.246499, 0.426534, 0.258151, 0.365936, 0.706056]), array([0.128787, 0.124725, 0.195336, 0.024228, 0.999999, 0.534909,
       0.22382 , 0.947785])]
[array([0.328055, 0.568992]), array([0.690308, 0.961842]), array([0.510739, 0.497528, 0.443501]), array([0.390192, 0.428036, 0.33289 , 0.405141]), array([0.16303 , 0.999999, 0.999999, 0.999999]), array([0.463007, 0.321444, 0.537318, 0.70508 , 0.      ]), array([0.      , 0.244433, 0.41669 , 0.288534, 0.326959, 0.680382]), array([0.090796, 0.13846 , 0.178644, 0.020794, 0.996394, 0.533622,
       0.231853, 0.939059])]