[array([0.701438, 0.897524]), array([0.695813, 0.      ]), array([0., 0., 0.]), array([0.440415, 0.425453, 0.378353, 0.397106]), array([0.      , 0.827185, 0.999999, 0.999999]), array([0.46491 , 0.242338, 0.574752, 0.999999, 0.      ]), array([0.      , 0.247036, 0.408965, 0.217149, 0.377534, 0.74659 ]), array([0.060275, 0.      , 0.134973, 0.      , 0.999999, 0.404343,
       0.057755, 0.516689])]
[array([0.608788, 0.208839]), array([0.969061, 0.774664]), array([0.999999, 0.183024, 0.788109]), array([0.410011, 0.415255, 0.344454, 0.438808]), array([0.05894 , 0.195873, 0.872581, 0.998561]), array([0.537065, 0.317653, 0.626041, 0.898937, 0.148218]), array([0.      , 0.181841, 0.435826, 0.062982, 0.361647, 0.858489]), array([0.122654, 0.153991, 0.162413, 0.0456  , 0.999999, 0.53665 ,
       0.260832, 0.93295 ])]
[array([0.937387, 0.537998]), array([0.690739, 0.962975]), array([0.93784 , 0.999999, 0.405928]), array([0.384038, 0.412994, 0.399499, 0.43689 ]), array([0.166206, 0.999999, 0.999999, 0.999999]), array([0.455585, 0.174069, 0.999999, 0.999999, 0.292903]), array([0.      , 0.166738, 0.211207, 0.080984, 0.38137 , 0.746608]), array([0.085442, 0.318585, 0.      , 0.239064, 0.999999, 0.92757 ,
       0.142651, 0.93295 ])]
[array([0.401144, 0.347316]), array([0.      , 0.982469]), array([0.523777, 0.465195, 0.442681]), array([0.391529, 0.451226, 0.356835, 0.420242]), array([0.259704, 0.86624 , 0.999999, 0.078304]), array([0.525055, 0.369255, 0.490228, 0.765387, 0.025091]), array([0.      , 0.198493, 0.750365, 0.247059, 0.370826, 0.980737]), array([0.266427, 0.      , 0.1856  , 0.      , 0.999999, 0.210401,
       0.179882, 0.156373])]
[array([0.815411, 0.802906]), array([0.819992, 0.8883  ]), array([0.503614, 0.49694 , 0.415922]), array([0.529644, 0.477474, 0.456444, 0.497979]), array([0.405221, 0.818629, 0.840579, 0.874304]), array([0.541275, 0.517331, 0.640338, 0.739537, 0.379138]), array([0.456843, 0.374177, 0.452545, 0.525118, 0.456228, 0.722847]), array([0.514029, 0.459555, 0.534367, 0.406509, 0.74451 , 0.66331 ,
       0.578111, 0.756422])]
[array([0.147927, 0.999351]), array([0.576225, 0.995582]), array([0.306294, 0.000901, 0.73784 ]), array([0.362616, 0.390935, 0.358916, 0.408803]), array([0.379668, 0.98019 , 0.997527, 0.939278]), array([0.377302, 0.427069, 0.554688, 0.835249, 0.037887]), array([0.0021  , 0.111359, 0.320991, 0.376242, 0.229457, 0.95509 ]), array([0.02698 , 0.61317 , 0.025877, 0.359845, 0.896836, 0.008212,
       0.028519, 0.131032])]
[array([0.961902, 0.54151 ]), array([0.686326, 0.048467]), array([0.785819, 0.951069, 0.007398]), array([0.408168, 0.42467 , 0.350333, 0.464759]), array([0.165658, 0.993001, 0.985802, 0.828885]), array([0.399356, 0.472775, 0.272075, 0.930991, 0.004327]), array([0.051607, 0.242133, 0.329607, 0.131528, 0.404377, 0.688463]), array([0.065492, 0.074877, 0.151838, 0.036631, 0.882332, 0.83748 ,
       0.404222, 0.901998])]